   2  2.101E-03 4.583E-02 1.039E+04 0.000E+00 0.000E+00 0.000E+00
   3  6.303E-03 7.939E-02 1.999E+03 0.000E+00 0.000E+00 0.000E+00
   4  1.050E-02 1.025E-01 9.289E+02 0.000E+00 0.000E+00 0.000E+00
   5  1.471E-02 1.213E-01 5.607E+02 0.000E+00 0.000E+00 0.000E+00
   6  1.891E-02 1.375E-01 3.846E+02 0.000E+00 0.000E+00 0.000E+00
   7  2.311E-02 1.520E-01 2.847E+02 0.000E+00 0.000E+00 0.000E+00
   8  2.731E-02 1.653E-01 2.216E+02 0.000E+00 0.000E+00 0.000E+00
   9  3.151E-02 1.775E-01 1.788E+02 0.000E+00 0.000E+00 0.000E+00
  10  3.571E-02 1.890E-01 1.482E+02 0.000E+00 0.000E+00 0.000E+00
  11  3.992E-02 1.998E-01 1.254E+02 0.000E+00 0.000E+00 0.000E+00
  12  4.412E-02 2.100E-01 1.079E+02 0.000E+00 0.000E+00 0.000E+00
  13  4.832E-02 2.198E-01 9.415E+01 0.000E+00 0.000E+00 0.000E+00
  14  5.252E-02 2.292E-01 8.308E+01 0.000E+00 0.000E+00 0.000E+00
  15  5.672E-02 2.382E-01 7.402E+01 0.000E+00 0.000E+00 0.000E+00
  16  6.092E-02 2.468E-01 6.650E+01 0.000E+00 0.000E+00 0.000E+00
  17  6.513E-02 2.552E-01 6.017E+01 0.000E+00 0.000E+00 0.000E+00
  18  6.933E-02 2.633E-01 5.478E+01 0.000E+00 0.000E+00 0.000E+00
  19  7.353E-02 2.712E-01 5.015E+01 0.000E+00 0.000E+00 0.000E+00
  20  7.773E-02 2.788E-01 4.614E+01 0.000E+00 0.000E+00 0.000E+00
  21  8.193E-02 2.862E-01 4.264E+01 0.000E+00 0.000E+00 0.000E+00
  22  8.613E-02 2.935E-01 3.956E+01 0.000E+00 0.000E+00 0.000E+00
  23  9.034E-02 3.006E-01 3.683E+01 0.000E+00 0.000E+00 0.000E+00
  24  9.454E-02 3.075E-01 3.440E+01 0.000E+00 0.000E+00 0.000E+00
  25  9.874E-02 3.142E-01 3.223E+01 0.000E+00 0.000E+00 0.000E+00
  26  1.029E-01 3.208E-01 3.028E+01 0.000E+00 0.000E+00 0.000E+00
  27  1.071E-01 3.273E-01 2.851E+01 0.000E+00 0.000E+00 0.000E+00
  28  1.113E-01 3.337E-01 2.692E+01 0.000E+00 0.000E+00 0.000E+00
  29  1.155E-01 3.399E-01 2.546E+01 0.000E+00 0.000E+00 0.000E+00
  30  1.197E-01 3.460E-01 2.413E+01 0.000E+00 0.000E+00 0.000E+00
  31  1.239E-01 3.521E-01 2.292E+01 0.000E+00 0.000E+00 0.000E+00
  32  1.282E-01 3.580E-01 2.180E+01 0.000E+00 0.000E+00 0.000E+00
  33  1.324E-01 3.638E-01 2.077E+01 0.000E+00 0.000E+00 0.000E+00
  34  1.366E-01 3.695E-01 1.982E+01 0.000E+00 0.000E+00 0.000E+00
  35  1.408E-01 3.752E-01 1.894E+01 0.000E+00 0.000E+00 0.000E+00
  36  1.450E-01 3.807E-01 1.812E+01 0.000E+00 0.000E+00 0.000E+00
  37  1.492E-01 3.862E-01 1.736E+01 0.000E+00 0.000E+00 0.000E+00
  38  1.534E-01 3.916E-01 1.665E+01 0.000E+00 0.000E+00 0.000E+00
  39  1.576E-01 3.969E-01 1.599E+01 0.000E+00 0.000E+00 0.000E+00
  40  1.618E-01 4.022E-01 1.537E+01 0.000E+00 0.000E+00 0.000E+00
  41  1.660E-01 4.074E-01 1.479E+01 0.000E+00 0.000E+00 0.000E+00
  42  1.702E-01 4.125E-01 1.425E+01 0.000E+00 0.000E+00 0.000E+00
  43  1.744E-01 4.176E-01 1.373E+01 0.000E+00 0.000E+00 0.000E+00
  44  1.786E-01 4.226E-01 1.325E+01 0.000E+00 0.000E+00 0.000E+00
  45  1.828E-01 4.275E-01 1.280E+01 0.000E+00 0.000E+00 0.000E+00
  46  1.870E-01 4.324E-01 1.237E+01 0.000E+00 0.000E+00 0.000E+00
  47  1.912E-01 4.372E-01 1.196E+01 0.000E+00 0.000E+00 0.000E+00
  48  1.954E-01 4.420E-01 1.158E+01 0.000E+00 0.000E+00 0.000E+00
  49  1.996E-01 4.467E-01 1.122E+01 0.000E+00 0.000E+00 0.000E+00
  50  2.038E-01 4.514E-01 1.087E+01 0.000E+00 0.000E+00 0.000E+00
  51  2.080E-01 4.561E-01 1.054E+01 0.000E+00 0.000E+00 0.000E+00
  52  2.122E-01 4.606E-01 1.023E+01 0.000E+00 0.000E+00 0.000E+00
  53  2.164E-01 4.652E-01 9.935E+00 0.000E+00 0.000E+00 0.000E+00
  54  2.206E-01 4.697E-01 9.652E+00 0.000E+00 0.000E+00 0.000E+00
  55  2.248E-01 4.741E-01 9.383E+00 0.000E+00 0.000E+00 0.000E+00
  56  2.290E-01 4.785E-01 9.126E+00 0.000E+00 0.000E+00 0.000E+00
  57  2.332E-01 4.829E-01 8.880E+00 0.000E+00 0.000E+00 0.000E+00
  58  2.374E-01 4.872E-01 8.646E+00 0.000E+00 0.000E+00 0.000E+00
  59  2.416E-01 4.915E-01 8.421E+00 0.000E+00 0.000E+00 0.000E+00
  60  2.458E-01 4.958E-01 8.206E+00 0.000E+00 0.000E+00 0.000E+00
  61  2.500E-01 5.000E-01 8.000E+00 0.000E+00 0.000E+00 0.000E+00
  62  2.542E-01 5.042E-01 7.802E+00 0.000E+00 0.000E+00 0.000E+00
  63  2.584E-01 5.083E-01 7.613E+00 0.000E+00 0.000E+00 0.000E+00
  64  2.626E-01 5.125E-01 7.431E+00 0.000E+00 0.000E+00 0.000E+00
  65  2.668E-01 5.165E-01 7.256E+00 0.000E+00 0.000E+00 0.000E+00
  66  2.710E-01 5.206E-01 7.088E+00 0.000E+00 0.000E+00 0.000E+00
  67  2.752E-01 5.246E-01 6.926E+00 0.000E+00 0.000E+00 0.000E+00
  68  2.794E-01 5.286E-01 6.771E+00 0.000E+00 0.000E+00 0.000E+00
  69  2.836E-01 5.326E-01 6.621E+00 0.000E+00 0.000E+00 0.000E+00
  70  2.878E-01 5.365E-01 6.476E+00 0.000E+00 0.000E+00 0.000E+00
  71  2.920E-01 5.404E-01 6.337E+00 0.000E+00 0.000E+00 0.000E+00
  72  2.962E-01 5.443E-01 6.203E+00 0.000E+00 0.000E+00 0.000E+00
  73  3.004E-01 5.481E-01 6.073E+00 0.000E+00 0.000E+00 0.000E+00
  74  3.046E-01 5.519E-01 5.948E+00 0.000E+00 0.000E+00 0.000E+00
  75  3.088E-01 5.557E-01 5.827E+00 0.000E+00 0.000E+00 0.000E+00
  76  3.130E-01 5.595E-01 5.710E+00 0.000E+00 0.000E+00 0.000E+00
  77  3.172E-01 5.632E-01 5.597E+00 0.000E+00 0.000E+00 0.000E+00
  78  3.214E-01 5.669E-01 5.487E+00 0.000E+00 0.000E+00 0.000E+00
  79  3.256E-01 5.706E-01 5.382E+00 0.000E+00 0.000E+00 0.000E+00
  80  3.298E-01 5.743E-01 5.279E+00 0.000E+00 0.000E+00 0.000E+00
  81  3.340E-01 5.780E-01 5.180E+00 0.000E+00 0.000E+00 0.000E+00
  82  3.382E-01 5.816E-01 5.084E+00 0.000E+00 0.000E+00 0.000E+00
  83  3.424E-01 5.852E-01 4.990E+00 0.000E+00 0.000E+00 0.000E+00
  84  3.466E-01 5.888E-01 4.900E+00 0.000E+00 0.000E+00 0.000E+00
  85  3.508E-01 5.923E-01 4.812E+00 0.000E+00 0.000E+00 0.000E+00
  86  3.550E-01 5.959E-01 4.727E+00 0.000E+00 0.000E+00 0.000E+00
  87  3.592E-01 5.994E-01 4.644E+00 0.000E+00 0.000E+00 0.000E+00
  88  3.634E-01 6.029E-01 4.564E+00 0.000E+00 0.000E+00 0.000E+00
  89  3.676E-01 6.063E-01 4.486E+00 0.000E+00 0.000E+00 0.000E+00
  90  3.718E-01 6.098E-01 4.410E+00 0.000E+00 0.000E+00 0.000E+00
  91  3.761E-01 6.132E-01 4.336E+00 0.000E+00 0.000E+00 0.000E+00
  92  3.803E-01 6.166E-01 4.265E+00 0.000E+00 0.000E+00 0.000E+00
  93  3.845E-01 6.200E-01 4.195E+00 0.000E+00 0.000E+00 0.000E+00
  94  3.887E-01 6.234E-01 4.127E+00 0.000E+00 0.000E+00 0.000E+00
  95  3.929E-01 6.268E-01 4.061E+00 0.000E+00 0.000E+00 0.000E+00
  96  3.971E-01 6.301E-01 3.997E+00 0.000E+00 0.000E+00 0.000E+00
  97  4.013E-01 6.335E-01 3.934E+00 0.000E+00 0.000E+00 0.000E+00
  98  4.055E-01 6.368E-01 3.873E+00 0.000E+00 0.000E+00 0.000E+00
  99  4.097E-01 6.400E-01 3.814E+00 0.000E+00 0.000E+00 0.000E+00
 100  4.139E-01 6.433E-01 3.756E+00 0.000E+00 0.000E+00 0.000E+00
 101  4.181E-01 6.466E-01 3.699E+00 0.000E+00 0.000E+00 0.000E+00
 102  4.223E-01 6.498E-01 3.644E+00 0.000E+00 0.000E+00 0.000E+00
 103  4.265E-01 6.530E-01 3.591E+00 0.000E+00 0.000E+00 0.000E+00
 104  4.307E-01 6.563E-01 3.538E+00 0.000E+00 0.000E+00 0.000E+00
 105  4.349E-01 6.594E-01 3.487E+00 0.000E+00 0.000E+00 0.000E+00
 106  4.391E-01 6.626E-01 3.437E+00 0.000E+00 0.000E+00 0.000E+00
 107  4.433E-01 6.658E-01 3.388E+00 0.000E+00 0.000E+00 0.000E+00
 108  4.475E-01 6.689E-01 3.341E+00 0.000E+00 0.000E+00 0.000E+00
 109  4.517E-01 6.721E-01 3.294E+00 0.000E+00 0.000E+00 0.000E+00
 110  4.559E-01 6.752E-01 3.249E+00 0.000E+00 0.000E+00 0.000E+00
 111  4.601E-01 6.783E-01 3.204E+00 0.000E+00 0.000E+00 0.000E+00
 112  4.643E-01 6.814E-01 3.161E+00 0.000E+00 0.000E+00 0.000E+00
 113  4.685E-01 6.845E-01 3.119E+00 0.000E+00 0.000E+00 0.000E+00
 114  4.727E-01 6.875E-01 3.077E+00 0.000E+00 0.000E+00 0.000E+00
 115  4.769E-01 6.906E-01 3.036E+00 0.000E+00 0.000E+00 0.000E+00
 116  4.811E-01 6.936E-01 2.997E+00 0.000E+00 0.000E+00 0.000E+00
 117  4.853E-01 6.966E-01 2.958E+00 0.000E+00 0.000E+00 0.000E+00
 118  4.895E-01 6.996E-01 2.920E+00 0.000E+00 0.000E+00 0.000E+00
 119  4.937E-01 7.026E-01 2.883E+00 0.000E+00 0.000E+00 0.000E+00
 120  4.979E-01 7.056E-01 2.846E+00 0.000E+00 0.000E+00 0.000E+00
 121  5.021E-01 7.086E-01 2.811E+00 0.000E+00 0.000E+00 0.000E+00
 122  5.063E-01 7.115E-01 2.776E+00 0.000E+00 0.000E+00 0.000E+00
 123  5.105E-01 7.145E-01 2.742E+00 0.000E+00 0.000E+00 0.000E+00
 124  5.147E-01 7.174E-01 2.708E+00 0.000E+00 0.000E+00 0.000E+00
 125  5.189E-01 7.204E-01 2.675E+00 0.000E+00 0.000E+00 0.000E+00
 126  5.231E-01 7.233E-01 2.643E+00 0.000E+00 0.000E+00 0.000E+00
 127  5.273E-01 7.262E-01 2.612E+00 0.000E+00 0.000E+00 0.000E+00
 128  5.315E-01 7.290E-01 2.581E+00 0.000E+00 0.000E+00 0.000E+00
 129  5.357E-01 7.319E-01 2.550E+00 0.000E+00 0.000E+00 0.000E+00
 130  5.399E-01 7.348E-01 2.521E+00 0.000E+00 0.000E+00 0.000E+00
 131  5.441E-01 7.376E-01 2.491E+00 0.000E+00 0.000E+00 0.000E+00
 132  5.483E-01 7.405E-01 2.463E+00 0.000E+00 0.000E+00 0.000E+00
 133  5.525E-01 7.433E-01 2.435E+00 0.000E+00 0.000E+00 0.000E+00
 134  5.567E-01 7.461E-01 2.407E+00 0.000E+00 0.000E+00 0.000E+00
 135  5.609E-01 7.489E-01 2.380E+00 0.000E+00 0.000E+00 0.000E+00
 136  5.651E-01 7.517E-01 2.354E+00 0.000E+00 0.000E+00 0.000E+00
 137  5.693E-01 7.545E-01 2.328E+00 0.000E+00 0.000E+00 0.000E+00
 138  5.735E-01 7.573E-01 2.302E+00 0.000E+00 0.000E+00 0.000E+00
 139  5.777E-01 7.601E-01 2.277E+00 0.000E+00 0.000E+00 0.000E+00
 140  5.819E-01 7.628E-01 2.253E+00 0.000E+00 0.000E+00 0.000E+00
 141  5.861E-01 7.656E-01 2.228E+00 0.000E+00 0.000E+00 0.000E+00
 142  5.903E-01 7.683E-01 2.205E+00 0.000E+00 0.000E+00 0.000E+00
 143  5.945E-01 7.711E-01 2.181E+00 0.000E+00 0.000E+00 0.000E+00
 144  5.987E-01 7.738E-01 2.158E+00 0.000E+00 0.000E+00 0.000E+00
 145  6.029E-01 7.765E-01 2.136E+00 0.000E+00 0.000E+00 0.000E+00
 146  6.071E-01 7.792E-01 2.114E+00 1.715E-06 1.539E-03 1.077E-04
 147  6.113E-01 7.819E-01 2.092E+00 1.746E-05 7.565E-03 9.823E-04
 148  6.155E-01 7.846E-01 2.071E+00 7.044E-05 1.624E-02 3.283E-03
 149  6.197E-01 7.872E-01 2.050E+00 1.866E-04 2.705E-02 7.149E-03
 150  6.239E-01 7.899E-01 2.029E+00 3.936E-04 3.976E-02 1.265E-02
 151  6.282E-01 7.926E-01 2.009E+00 7.204E-04 5.423E-02 1.984E-02
 152  6.324E-01 7.952E-01 1.989E+00 1.198E-03 7.035E-02 2.878E-02
 153  6.366E-01 7.978E-01 1.969E+00 1.857E-03 8.805E-02 3.952E-02
 154  6.408E-01 8.005E-01 1.950E+00 2.733E-03 1.073E-01 5.209E-02
 155  6.450E-01 8.031E-01 1.931E+00 3.858E-03 1.279E-01 6.654E-02
 156  6.492E-01 8.057E-01 1.912E+00 5.270E-03 1.500E-01 8.288E-02
 157  6.534E-01 8.083E-01 1.894E+00 7.003E-03 1.735E-01 1.011E-01
 158  6.576E-01 8.109E-01 1.875E+00 9.095E-03 1.982E-01 1.213E-01
 159  6.618E-01 8.135E-01 1.858E+00 1.158E-02 2.241E-01 1.434E-01
 160  6.660E-01 8.161E-01 1.840E+00 1.451E-02 2.512E-01 1.673E-01
 161  6.702E-01 8.186E-01 1.823E+00 1.790E-02 2.793E-01 1.930E-01
 162  6.744E-01 8.212E-01 1.806E+00 2.180E-02 3.085E-01 2.206E-01
 163  6.786E-01 8.238E-01 1.789E+00 2.625E-02 3.385E-01 2.498E-01
 164  6.828E-01 8.263E-01 1.772E+00 3.128E-02 3.694E-01 2.806E-01
 165  6.870E-01 8.288E-01 1.756E+00 3.692E-02 4.009E-01 3.129E-01
 166  6.912E-01 8.314E-01 1.740E+00 4.320E-02 4.330E-01 3.467E-01
 167  6.954E-01 8.339E-01 1.725E+00 5.017E-02 4.655E-01 3.816E-01
 168  6.996E-01 8.364E-01 1.709E+00 5.784E-02 4.984E-01 4.177E-01
 169  7.038E-01 8.389E-01 1.694E+00 6.623E-02 5.314E-01 4.547E-01
 170  7.080E-01 8.414E-01 1.679E+00 7.539E-02 5.644E-01 4.925E-01
 171  7.122E-01 8.439E-01 1.664E+00 8.531E-02 5.974E-01 5.309E-01
 172  7.164E-01 8.464E-01 1.649E+00 9.602E-02 6.300E-01 5.697E-01
 173  7.206E-01 8.489E-01 1.635E+00 1.075E-01 6.623E-01 6.086E-01
 174  7.248E-01 8.513E-01 1.621E+00 1.198E-01 6.939E-01 6.475E-01
 175  7.290E-01 8.538E-01 1.607E+00 1.330E-01 7.248E-01 6.861E-01
 176  7.332E-01 8.563E-01 1.593E+00 1.469E-01 7.548E-01 7.242E-01
 177  7.374E-01 8.587E-01 1.579E+00 1.617E-01 7.837E-01 7.615E-01
 178  7.416E-01 8.612E-01 1.566E+00 1.772E-01 8.113E-01 7.980E-01
 179  7.458E-01 8.636E-01 1.553E+00 1.935E-01 8.376E-01 8.332E-01
 180  7.500E-01 8.660E-01 1.540E+00 2.106E-01 8.623E-01 8.670E-01
 181  7.542E-01 8.684E-01 1.527E+00 2.284E-01 8.854E-01 8.991E-01
 182  7.584E-01 8.709E-01 1.514E+00 2.469E-01 9.067E-01 9.295E-01
 183  7.626E-01 8.733E-01 1.502E+00 2.661E-01 9.260E-01 9.577E-01
 184  7.668E-01 8.757E-01 1.489E+00 2.859E-01 9.433E-01 9.837E-01
 185  7.710E-01 8.781E-01 1.477E+00 3.062E-01 9.584E-01 1.007E+00
 186  7.752E-01 8.805E-01 1.465E+00 3.272E-01 9.713E-01 1.028E+00
 187  7.794E-01 8.828E-01 1.453E+00 3.486E-01 9.819E-01 1.047E+00
 188  7.836E-01 8.852E-01 1.442E+00 3.705E-01 9.901E-01 1.062E+00
 189  7.878E-01 8.876E-01 1.430E+00 3.927E-01 9.958E-01 1.075E+00
 190  7.920E-01 8.900E-01 1.419E+00 4.152E-01 9.992E-01 1.084E+00
 191  7.962E-01 8.923E-01 1.408E+00 4.380E-01 1.000E+00 1.090E+00
 192  8.004E-01 8.947E-01 1.396E+00 4.610E-01 9.984E-01 1.093E+00
 193  8.046E-01 8.970E-01 1.386E+00 4.841E-01 9.943E-01 1.094E+00
 194  8.088E-01 8.993E-01 1.375E+00 5.073E-01 9.878E-01 1.090E+00
 195  8.130E-01 9.017E-01 1.364E+00 5.304E-01 9.789E-01 1.084E+00
 196  8.172E-01 9.040E-01 1.354E+00 5.535E-01 9.676E-01 1.075E+00
 197  8.214E-01 9.063E-01 1.343E+00 5.764E-01 9.542E-01 1.063E+00
 198  8.256E-01 9.086E-01 1.333E+00 5.991E-01 9.386E-01 1.047E+00
 199  8.298E-01 9.110E-01 1.323E+00 6.216E-01 9.209E-01 1.029E+00
 200  8.340E-01 9.133E-01 1.313E+00 6.437E-01 9.013E-01 1.009E+00
 201  8.382E-01 9.156E-01 1.303E+00 6.654E-01 8.798E-01 9.856E-01
 202  8.424E-01 9.178E-01 1.293E+00 6.866E-01 8.567E-01 9.601E-01
 203  8.466E-01 9.201E-01 1.284E+00 7.074E-01 8.320E-01 9.324E-01
 204  8.508E-01 9.224E-01 1.274E+00 7.275E-01 8.060E-01 9.028E-01
 205  8.550E-01 9.247E-01 1.265E+00 7.471E-01 7.786E-01 8.714E-01
 206  8.592E-01 9.270E-01 1.256E+00 7.660E-01 7.502E-01 8.384E-01
 207  8.634E-01 9.292E-01 1.246E+00 7.843E-01 7.208E-01 8.041E-01
 208  8.676E-01 9.315E-01 1.237E+00 8.018E-01 6.906E-01 7.686E-01
 209  8.718E-01 9.337E-01 1.228E+00 8.186E-01 6.598E-01 7.323E-01
 210  8.761E-01 9.360E-01 1.220E+00 8.346E-01 6.286E-01 6.952E-01
 211  8.803E-01 9.382E-01 1.211E+00 8.498E-01 5.970E-01 6.577E-01
 212  8.845E-01 9.405E-01 1.202E+00 8.642E-01 5.652E-01 6.198E-01
 213  8.887E-01 9.427E-01 1.194E+00 8.778E-01 5.335E-01 5.819E-01
 214  8.929E-01 9.449E-01 1.185E+00 8.905E-01 5.018E-01 5.442E-01
 215  8.971E-01 9.471E-01 1.177E+00 9.025E-01 4.704E-01 5.067E-01
 216  9.013E-01 9.493E-01 1.169E+00 9.136E-01 4.393E-01 4.698E-01
 217  9.055E-01 9.516E-01 1.161E+00 9.239E-01 4.088E-01 4.336E-01
 218  9.097E-01 9.538E-01 1.153E+00 9.334E-01 3.788E-01 3.982E-01
 219  9.139E-01 9.560E-01 1.145E+00 9.422E-01 3.495E-01 3.638E-01
 220  9.181E-01 9.582E-01 1.137E+00 9.501E-01 3.211E-01 3.305E-01
 221  9.223E-01 9.603E-01 1.129E+00 9.574E-01 2.935E-01 2.984E-01
 222  9.265E-01 9.625E-01 1.121E+00 9.639E-01 2.668E-01 2.677E-01
 223  9.307E-01 9.647E-01 1.114E+00 9.697E-01 2.412E-01 2.385E-01
 224  9.349E-01 9.669E-01 1.106E+00 9.749E-01 2.167E-01 2.108E-01
 225  9.391E-01 9.691E-01 1.099E+00 9.795E-01 1.933E-01 1.848E-01
 226  9.433E-01 9.712E-01 1.092E+00 9.834E-01 1.710E-01 1.603E-01
 227  9.475E-01 9.734E-01 1.084E+00 9.869E-01 1.500E-01 1.376E-01
 228  9.517E-01 9.755E-01 1.077E+00 9.898E-01 1.302E-01 1.167E-01
 229  9.559E-01 9.777E-01 1.070E+00 9.922E-01 1.117E-01 9.749E-02
 230  9.601E-01 9.798E-01 1.063E+00 9.943E-01 9.446E-02 8.007E-02
 231  9.643E-01 9.820E-01 1.056E+00 9.959E-01 7.852E-02 6.442E-02
 232  9.685E-01 9.841E-01 1.049E+00 9.972E-01 6.389E-02 5.056E-02
 233  9.727E-01 9.863E-01 1.042E+00 9.982E-01 5.059E-02 3.844E-02
 234  9.769E-01 9.884E-01 1.036E+00 9.989E-01 3.863E-02 2.806E-02
 235  9.811E-01 9.905E-01 1.029E+00 9.994E-01 2.804E-02 1.938E-02
 236  9.853E-01 9.926E-01 1.022E+00 9.997E-01 1.887E-02 1.237E-02
 237  9.895E-01 9.947E-01 1.016E+00 9.999E-01 1.118E-02 6.984E-03
 238  9.937E-01 9.968E-01 1.010E+00 1.000E+00 5.107E-03 3.190E-03
 239  9.979E-01 9.989E-01 1.003E+00 1.000E+00 9.772E-04 9.380E-04
 240  1.002E+00 1.001E+00 9.969E-01 1.000E+00 1.474E-18 9.567E-05
 241  1.006E+00 0.000E+00 0.000E+00 0.000E+00 0.000E+00 0.000E+00
 242  1.011E+00 0.000E+00 0.000E+00 0.000E+00 0.000E+00 0.000E+00
 243  1.015E+00 0.000E+00 0.000E+00 0.000E+00 0.000E+00 0.000E+00
 244  1.019E+00 0.000E+00 0.000E+00 0.000E+00 0.000E+00 0.000E+00
 245  1.023E+00 0.000E+00 0.000E+00 0.000E+00 0.000E+00 0.000E+00
 246  1.027E+00 0.000E+00 0.000E+00 0.000E+00 0.000E+00 0.000E+00
 247  1.032E+00 0.000E+00 0.000E+00 0.000E+00 0.000E+00 0.000E+00
 248  1.036E+00 0.000E+00 0.000E+00 0.000E+00 0.000E+00 0.000E+00
 249  1.040E+00 0.000E+00 0.000E+00 0.000E+00 0.000E+00 0.000E+00
 250  1.044E+00 0.000E+00 0.000E+00 0.000E+00 0.000E+00 0.000E+00
 251  1.048E+00 0.000E+00 0.000E+00 0.000E+00 0.000E+00 0.000E+00
 252  1.053E+00 0.000E+00 0.000E+00 0.000E+00 0.000E+00 0.000E+00
 253  1.057E+00 0.000E+00 0.000E+00 0.000E+00 0.000E+00 0.000E+00
 254  1.061E+00 0.000E+00 0.000E+00 0.000E+00 0.000E+00 0.000E+00
 255  1.065E+00 0.000E+00 0.000E+00 0.000E+00 0.000E+00 0.000E+00
 256  1.069E+00 0.000E+00 0.000E+00 0.000E+00 0.000E+00 0.000E+00
 257  1.074E+00 0.000E+00 0.000E+00 0.000E+00 0.000E+00 0.000E+00
